Adnp2	-0.420398501679301	-0.415385733358562	-0.352793947793543	0.844567174091935	0.415163579862565	0.277058129198849
Arid3a	-0.524402940180153	-0.886953187175095	-0.134627790190279	-0.657001990359277	0.433753185439855	0.783089898061007
Arid5a	0.764831990469247	0.155054199043661	-0.0358185302466154	-0.825125594157726	-0.653849143534899	-0.227938789408654
Arid5b	0.307038838043809	0.974198292009532	0.969191905576736	0.0119324629195035	-0.992493021767586	0.31247375253588
Arnt	-0.251334086526185	-0.545588751789182	-0.907955346163362	-0.431483379099518	0.784092085435987	0.526730777230114
Atf1	-0.670198715757579	-0.778706541284919	0.0642080949619412	0.981619131751359	-0.862511606421322	-0.767897367477417
Atf2	-0.602105801459402	-0.41905651986599	0.421229362487793	-0.624489680398256	-0.946521249599755	-0.238008490763605
Atf3	0.99712968384847	0.551353600341827	0.361447168514132	0.811153178103268	-0.445714426692575	-0.760922580957413
Atf4	-0.452842256054282	-0.0444754525087774	0.62411332083866	-0.969691186212003	0.0723342690616846	-0.494067498948425
Atf5	0.725171169731766	-0.64662324404344	0.673723709769547	0.887111224234104	-0.817395839840174	-0.661524056456983
Bach1	-0.370180423371494	0.925361592788249	-0.552656724583358	0.996194406412542	-0.340000408235937	0.366665021050721
Bach2	0.166138105560094	-0.681426924653351	0.830657444894314	-0.860719028860331	-0.546984716784209	0.527812231797725
Bbx	-0.814118724316359	-0.00267206411808729	0.361093477811664	0.624337027780712	-0.655166567768902	0.150382532272488
Bcl6	-0.149987565819174	-0.147607765626162	0.976567484438419	-0.911356044467539	0.494036347605288	-0.421636265236884
Bhlhe40	-0.376211074180901	0.622159425634891	0.147643703501672	-0.361006002873182	0.336073018144816	-0.896485039498657
Bhlhe41	0.908260245807469	-0.354325377382338	-0.804270996712148	0.417036751750857	0.490189070813358	0.658882798161358
Bptf	0.210986059624702	-0.487666662782431	0.139630132354796	-0.729650274384767	0.887703839689493	0.0570340282283723
Cbfb	0.446276074275374	-0.0483911456540227	0.83723256830126	0.778554683085531	0.329806299414486	-0.90488661872223
Cdc5l	0.422299480065703	0.758962552528828	0.722427130676806	-0.0812640003859997	0.124339953996241	-0.177263665013015
Cebpd	0.964875942096114	0.479942250065506	0.346264916937798	-0.165867811068892	-0.118788077030331	-0.55388675397262
Cebpg	0.987971308175474	-0.531064675655216	-0.93850999744609	-0.740104344207793	-0.303610542789102	0.956788940355182
Clock	-0.907093028072268	-0.119626409374177	0.204672793392092	-0.426669450942427	-0.39589084777981	0.79283558158204
Cnot3	0.0878391177393496	0.389421467669308	0.36534481914714	-0.343933429103345	0.42986081680283	0.496445286087692
Creb1	0.401999686378986	-0.578021848574281	-0.992546000983566	0.452185480389744	0.211280449293554	-0.43483470659703
Crem	0.987639198545367	0.338976764585823	-0.169754935894161	-0.882891716901213	0.181309612002224	0.602593339979649
Ctcf	0.409069775603712	0.988599610514939	-0.144380150828511	0.532611105591059	-0.856619849335402	0.540561222936958
Ctnnb1	0.417714070994407	-0.662006301805377	0.995942112989724	-0.967898034024984	0.668084717355669	-0.635107417590916
Cux1	-0.481086773332208	0.625397637486458	0.422556449659169	-0.134064864832908	-0.462509925011545	0.277624474838376
Dbp	0.521769575309008	-0.459671536460519	-0.513406520243734	-0.960798353422433	0.583608928136528	0.476371990982443
Deaf1	0.075277775991708	0.915448576677591	-0.215204586740583	0.948925621341914	-0.0731305684894323	-0.409562788438052
Dlx1	-0.892511831130832	0.993998569902033	0.542409121058881	-0.611647633370012	0.322822893038392	0.781215457245708
Dlx2	-0.0177770289592445	0.469935801345855	0.0442782905884087	0.182604571338743	0.424058698583394	-0.895275115035474
Dmrta2	-0.589447998907417	-0.487559711560607	0.277092814445496	0.0104211177676916	0.363031431101263	0.721615087240934
E2f1	0.840596665628254	-0.00760149396955967	-0.507901087403297	-0.578987621236593	-0.115731365978718	0.324498715344816
E2f2	0.223012507427484	-0.33439422165975	-0.16193268308416	-0.897868687286973	0.284908169880509	0.641689878422767
E2f3	-0.00292725535109639	0.803667305503041	-0.234695470891893	-0.808374246582389	0.312864009756595	-0.820826747454703
E2f4	-0.698017741087824	-0.97566077625379	0.80886443099007	0.774162360001355	0.253424581605941	0.521499503403902
E2f5	-0.499029911588877	-0.998985396232456	-0.403501822147518	-0.973926243837923	-0.118899358436465	-0.579311847221106
E2f7	0.18341669999063	-0.38769129710272	-0.0234977742657065	0.796973171178252	-0.957957553677261	-0.945180650334805
E4f1	0.54984295507893	-0.382983752526343	-0.264037861023098	-0.466685374267399	-0.419205727055669	-0.873408233281225
Ebf1	0.0556984492577612	-0.0507300961762667	0.167660814709961	-0.612146584782749	0.197891434654593	0.0284728235565126
Egr1	-0.832102749031037	-0.82923625363037	0.344224631320685	-0.0238315784372389	0.823602418415248	-0.538930116221309
Egr2	0.90727386623621	0.745162213221192	-0.643315042834729	-0.0208280743099749	-0.767096624709666	0.907123344950378
Egr3	-0.569350943900645	-0.795262549072504	0.427759663201869	-0.205977722536772	0.289167862851173	0.379643361084163
Elf1	-0.752050509210676	0.610163456294686	0.609476621262729	0.338783102110028	0.490998112596571	-0.927795597352087
Elf2	-0.316926076542586	0.591489073820412	0.811561075970531	0.736443370580673	-0.991106991656125	-0.685965711250901
Elf4	0.393937946297228	-0.0406703571788967	-0.600763885304332	0.699518785346299	-0.958260368555784	0.202195880934596
Elk1	0.474478435236961	0.193631954025477	0.509806896559894	-0.814671838656068	-0.637388821691275	-0.528540642466396
Elk3	-0.432850440498441	-0.639272511471063	0.744522674009204	-0.683282096404582	-0.159230863675475	0.251447760034353
Elk4	-0.73430843045935	-0.978190910536796	-0.318168689962476	0.949494570493698	0.506813383661211	0.178946481086314
Ep300	-0.600862634368241	-0.00573522597551346	0.0298605775460601	0.306032971478999	0.987161429133266	0.287830794695765
Erf	-0.527811355888844	0.295196640770882	0.0796894454397261	-0.199705300852656	0.160756523255259	0.412443064153194
Esr1	-0.829799713566899	-0.35837867949158	-0.789778879843652	-0.0146705452352762	-0.937183959409595	0.867056148592383
Esrra	-0.472179410979152	0.247763920109719	0.718657281249762	0.730129172094166	-0.15151502750814	0.723216175101697
Ets1	-0.782582862302661	-0.251179623417556	-0.35950583498925	0.57378776371479	0.235783275216818	0.155342539772391
Ets2	-0.542803035583347	0.309963598381728	-0.00228525092825294	0.279922154732049	-0.244582906831056	0.154925276059657
Etv3	0.831297851633281	0.354768851306289	0.85464922664687	-0.0724708358757198	-0.506788739468902	-0.811926822643727
Etv4	0.741473841946572	0.59911369998008	0.00574000738561153	0.0247716424055398	-0.111132144927979	-0.614378002006561
Etv5	0.686260605230927	-0.146996479015797	-0.709868096280843	-0.138655700720847	-0.368051046971232	0.647190304938704
Etv6	0.019193122163415	0.311810428742319	-0.318246046081185	0.305578655097634	-0.0729998964816332	0.10066450946033
Fli1	0.371726335491985	0.695546639151871	0.354113239329308	0.384034928865731	0.932295137085021	0.564625663682818
Fos	0.432689805980772	0.756950918119401	-0.422567473258823	-0.173118235077709	-0.341592482291162	0.524780715350062
Fosb	0.0464193779043853	-0.0956594995222986	0.110921309795231	-0.602716203313321	0.162964768707752	0.74244472105056
Fosl1	-0.310928954277188	0.698812856804579	-0.86729935510084	-0.10918949265033	0.949153977446258	0.912293142639101
Fosl2	-0.0517363580875099	-0.841773215215653	0.893711135722697	-0.483383092097938	-0.812173031736165	-0.158559130504727
Foxa3	0.841060632374138	-0.126617549918592	0.277957959566265	-0.892847565002739	0.891769427806139	0.0199163658544421
Foxc1	-0.419592334888875	-0.0207628798671067	-0.385176852811128	-0.555760689545423	-0.38356766384095	-0.777679391670972
Foxj1	0.677412698976696	-0.512765675317496	-0.605797629803419	-0.886738832574338	-0.422621716279536	0.45429516909644
Foxj3	0.143397090490907	0.228555374778807	-0.124812268652022	0.0170165873132646	0.67945231217891	-0.975910604465753
Foxk1	-0.518597947433591	0.993940945249051	0.743249174207449	0.678574574179947	-0.633539079222828	-0.155592720024288
Foxm1	-0.0244539817795157	0.193500772118568	0.556013032328337	0.889735532924533	0.208961497992277	0.958836291916668
Foxn4	0.142136635258794	0.518360083922744	-0.629308149218559	0.347122196108103	0.383153437636793	-0.497014123480767
Foxo1	-0.0993576711043715	0.391252674628049	0.66688898159191	0.857903910335153	0.928007154725492	-0.646894684061408
Foxo3	0.916424989700317	-0.772063749842346	-0.784454131033272	0.0522983577102423	-0.96790788276121	-0.223649360239506
Foxo4	0.0180627126246691	-0.51193619472906	-0.337199063505977	0.251347730867565	0.378141461405903	0.590626803226769
Gabpa	-0.835958413779736	-0.675842521712184	0.328182386700064	0.333292100578547	0.558739664964378	0.362601472996175
Gabpb1	0.498847131617367	0.547972398810089	-0.448560405522585	0.814726101700217	0.874552542809397	-0.843142017256469
Gata3	-0.439726616255939	0.0717484308406711	-0.874198604375124	0.0677810776978731	0.556743306107819	-0.605025550350547
Gfi1	0.475016782991588	0.0923013892024755	-0.743963122367859	0.478257155511528	-0.347588575910777	-0.78216047771275
Gfi1b	-0.50116939144209	0.0281802415847778	-0.55968464910984	0.0743004605174065	-0.179086016491055	-0.957121013198048
Glis1	-0.481732101179659	0.0464256047271192	0.731009834446013	0.362402038648725	-0.517679931595922	0.572122399695218
Glis2	-0.729391405824572	0.911417956929654	-0.729991858359426	-0.562566120643169	-0.34238891210407	-0.609657343942672
Gmeb1	0.202115890104324	-0.901964786462486	0.533029744867235	-0.742781786248088	-0.342774507589638	0.130039906594902
Gtf2a2	0.0434237523004413	-0.178023827727884	0.124144448433071	0.992615026421845	-0.315018203109503	0.66937393322587
Gtf2b	-0.619681481737643	-0.198398806620389	0.243204468395561	-0.90473698079586	-0.0804197611287236	0.394122593570501
Gtf2i	-0.0815919884480536	-0.818323554471135	0.587362980470061	0.0850405455566943	0.780179230496287	0.660606007557362
Gtf2ird1	-0.783428874332458	0.774447975680232	-0.343508159741759	-0.633546396624297	0.162754920311272	-0.366705348715186
Hbp1	-0.525124575942755	0.156088149175048	-0.354907488916069	0.591556846164167	0.728107978124171	0.284600336570293
Hdac1	0.267031453084201	0.515622256323695	0.452268959954381	-0.398582111112773	0.236064302269369	-0.619569526519626
Hes1	-0.539575288072228	0.259536005556583	-0.0817690454423428	-0.97903681313619	-0.56740857148543	-0.563031614758074
Hic1	0.671465473715216	-0.461287464946508	-0.969501369167119	0.18264556163922	-0.277297937311232	-0.413098216056824
Hif1a	0.0975920688360929	0.193856957368553	0.843118679709733	-0.719553256873041	0.310872055124491	0.820219836663455
Hivep2	-0.436969456728548	0.605689657852054	-0.491622218862176	-0.277818825561553	-0.154344061389565	-0.626691706478596
Hltf	-0.431835875380784	-0.313674255274236	-0.76601295825094	0.0522189824841917	0.289332021493465	0.596922367345542
Hmga1	-0.902260358911008	-0.0863895122893155	0.386385323479772	-0.274274809285998	0.17504708096385	0.119934692513198
Hnf1b	-0.249145414680243	-0.743778734467924	-0.229942966252565	-0.179873934015632	-0.652542183641344	0.696585855446756
Hoxa5	0.492621420882642	0.479808126110584	0.136650066822767	-0.0881482069380581	-0.354788551107049	-0.959942441899329
Hoxb8	-0.991657593753189	0.736495433840901	0.196951847523451	-0.992786996997893	0.447643893770874	0.204532593488693
Hsf1	0.843371874187142	-0.116291788872331	0.657113555818796	-0.203016823157668	0.386890448164195	-0.495747062377632
Hsf2	0.557224442716688	0.752535081002861	-0.535115415230393	-0.431817146018147	-0.50509652774781	-0.0527408230118454
Ikzf1	-0.605585797224194	-0.0809303447604179	0.917485364712775	-0.250783832743764	-0.116367895621806	0.204504145309329
Ikzf3	0.49636725243181	-0.640779340174049	-0.13371394854039	0.238582580350339	0.906964971218258	0.721023440361023
Ikzf4	0.95831908704713	0.346914908848703	0.238667556550354	-0.625337293371558	0.706473119091243	-0.823232972528785
Ikzf5	0.960519822314382	-0.514464059378952	0.00750774564221501	0.97768518794328	-0.987652028910816	0.0755567350424826
Irf1	-0.00956399226561189	-0.427359502762556	-0.68640866316855	-0.478913265280426	-0.654591197147965	0.177963365800679
Irf2	0.0303676999174058	-0.687188583426178	0.187817526515573	-0.238069585990161	-0.357066117692739	0.346842536237091
Irf3	0.563360294792801	0.244865655433387	0.0802246960811317	-0.836709830444306	0.58586204610765	0.205918754916638
Irf4	0.629864800721407	-0.187864583916962	-0.277916037477553	-0.617450480349362	0.406931879464537	0.560546706896275
Irf5	0.957459464669228	-0.0576778501272202	0.0770169286988676	0.980921918991953	0.836350213270634	0.686738416552544
Irf7	0.0702397101558745	-0.0101511450484395	-0.801247214432806	-0.615377296693623	-0.606393858790398	0.345726454164833
Irf8	0.717552660964429	0.0279000578448176	-0.271907144226134	-0.902478063013405	-0.50679169408977	0.00476898532360792
Irf9	-0.740484532434493	-0.961429408285767	0.862667843233794	0.258907442446798	-0.823868717066944	-0.56233761832118
Jdp2	0.411711171269417	0.884816306177527	0.975670902058482	-0.83477868558839	0.588134861551225	0.335906667634845
Jun	-0.270808315835893	0.603606626857072	0.423374338075519	-0.606137605383992	-0.0241302852518857	0.00519575178623199
Junb	-0.49727466609329	-0.134514958132058	0.0938964048400521	-0.793680984526873	-0.782492895144969	-0.534685131162405
Jund	-0.530539825093001	-0.915646196808666	-0.966533285565674	0.175686936359853	-0.857259177602828	0.112625729292631
Klf1	-0.206577741075307	-0.617515371181071	-0.854282290674746	-0.787355148233473	0.572588814888149	0.720390867907554
Klf10	0.861659734044224	-0.310830643866211	-0.594624541234225	0.750582647975534	0.58951265970245	0.85856745718047
Klf11	-0.325385280419141	-0.599557682406157	0.0991039490327239	-0.0937610599212348	0.888493563048542	0.924794694408774
Klf13	0.464333336334676	-0.0540294889360666	-0.40540109295398	-0.829136076848954	-0.810933917760849	0.344980227760971
Klf2	-0.369187932927161	-0.446990821510553	0.593741412274539	0.21334887156263	0.713303339667618	-0.610018832143396
Klf6	-0.75581603590399	0.458379328250885	0.557160081807524	-0.651415434665978	0.64631977956742	0.84530695527792
Klf7	-0.680916607845575	0.296083692461252	-0.617421635892242	0.596185489557683	0.85485351877287	0.413312269374728
Klf9	-0.759315742179751	0.554677031002939	0.375692820176482	0.870639675762504	-0.928825809620321	-0.63346913876012
Lef1	0.192248356994241	0.147993830963969	0.622589977458119	0.117538945283741	-0.659846711438149	0.899744912516326
Maff	-0.0665017375722528	0.512509904336184	0.0928530623205006	0.343855543993413	0.27851106505841	-0.782001500483602
Mafg	0.17173795774579	-0.146796245127916	-0.761622309219092	-0.170930391643196	0.382618557661772	0.644321625120938
Mafk	0.793077234644443	0.95870800036937	-0.939915391616523	-0.381992979440838	0.335581944789737	0.337415216956288
Max	0.128727894276381	0.650830605532974	0.725622896570712	0.322986954823136	0.86826269235462	-0.74136535031721
Maz	0.672313112299889	0.760831433814019	0.84070019191131	-0.845422968268394	0.863755035679787	-0.930828568525612
Mecp2	0.489170973654836	-0.658679455984384	-0.996667164843529	0.123518793378025	0.393836055416614	0.99981233291328
Mef2a	0.668079482391477	0.991771465167403	0.604067112319171	0.195674567949027	0.662400310393423	-0.71344400383532
Mef2c	-0.785334043204784	-0.776535124052316	-0.162954981438816	0.169786956161261	-0.855171399191022	0.379443511366844
Mef2d	-0.911240538582206	0.85504016559571	0.598585667554289	0.500094232615083	-0.940656944178045	0.439812731929123
Meis3	-0.197846708353609	-0.0296769109554589	-0.233149819076061	0.813200083561242	0.764742224942893	-0.949315657839179
Mitf	-0.73355624685064	-0.509747881442308	-0.679959941655397	0.127822671551257	0.903327723499388	-0.750489921309054
Mtf1	-0.40341740520671	-0.873330407775939	-0.0448448034003377	0.357773470692337	0.32032125396654	0.418331252876669
Mxd1	0.589671181049198	-0.104822627734393	-0.258551206439734	-0.990594851784408	-0.25358053855598	-0.0351916430518031
Mxd3	-0.905812495388091	-0.620348545257002	-0.736604788806289	-0.46170359570533	-0.39299583202228	0.194881509523839
Mxd4	-0.222346197348088	-0.145843754988164	0.248299818020314	-0.211073974147439	0.833606007043272	-0.246833872050047
Mxi1	0.403675962239504	-0.596271830610931	-0.153082849923521	-0.828743529506028	0.731328580994159	-0.528695191722363
Myb	0.921868131030351	-0.464589633047581	-0.936553889419883	0.180173054337502	-0.629819103516638	0.89319877512753
Mybl1	0.132730928249657	0.902901385910809	-0.0136783150956035	0.438125640619546	0.905055255163461	0.47859463840723
Mybl2	0.68701091920957	-0.0895607797428966	-0.420478583779186	-0.475080644246191	0.741842592135072	-0.481562099885195
Myc	-0.518719256855547	-0.0557472947984934	-0.187914149370044	-0.814185701310635	0.918298872187734	0.216964416671544
Mycn	-0.015493274666369	-0.149775913450867	-0.114706623833627	-0.275258882436901	0.920164569281042	-0.917490484192967
Mynn	0.667601785622537	-0.392939851153642	0.289934831205755	-0.94913451327011	-0.717131142038852	-0.238409964367747
Mzf1	-0.778370182495564	0.932619114872068	0.971573578659445	0.470238816924393	0.0833146935328841	0.793115539941937
Nfat5	-0.791950737591833	0.275169515050948	0.91795373801142	-0.161857203114778	0.153371459804475	0.0636460706591606
Nfatc1	0.922648655250669	-0.75469339126721	-0.591027977876365	-0.95187765173614	-0.957884574774653	-0.814868801739067
Nfatc3	0.159406716469675	-0.948224938940257	0.0737830544821918	0.962165552657098	-0.601815200876445	-0.297036651987582
Nfe2	0.15117966523394	0.154288154561073	-0.338849968276918	0.75719422660768	0.629834012128413	0.558459860738367
Nfe2l1	0.373884710948914	0.616620964836329	0.809235307388008	0.688614504877478	-0.214598132763058	-0.880474466830492
Nfe2l2	-0.682818317320198	0.037966915871948	-0.234962936490774	-0.929680836386979	0.359879296272993	-0.489240530878305
Nfia	0.255607991013676	-0.244967993348837	0.713497849646956	-0.587838805280626	0.775653142016381	0.768870048224926
Nfic	-0.0181955015286803	0.813822340220213	0.797675902955234	-0.214013959281147	-0.571325730998069	-0.073246662504971
Nfix	-0.964943270664662	0.281370167154819	0.571674248669297	-0.538407440762967	0.332412784919143	0.398718268144876
Nfkb1	-0.485972427763045	-0.550708048045635	0.916303184814751	-0.730007859412581	0.958913907874376	0.731220867484808
Nfkb2	0.38919487548992	0.99708538595587	0.255916960071772	-0.50292804883793	0.0380067988298833	0.405436138622463
Nfya	-0.449950157199055	-0.453079770319164	-0.206531718373299	0.799916202668101	-0.172712955623865	-0.714778016321361
Nfyb	-0.0851861336268485	0.263093376997858	0.684974482748657	0.564824090804905	-0.153216713573784	-0.958397713955492
Nfyc	-0.126494750380516	-0.859869420062751	-0.561061973217875	0.0524339685216546	-0.945423841010779	0.245577902067453
Nkx2-1	-0.811176687013358	0.0885636988095939	0.768393612001091	0.769625375978649	-0.731470799073577	-0.949475228786469
Nr1d1	0.76717083575204	-0.000234999228268862	0.443830803502351	0.841307956259698	0.705519427545369	0.810421680565923
Nr1h2	-0.494577155448496	0.0334696993231773	-0.337365626357496	0.826449547428638	0.61403863132	-0.833761491347104
Nr1h3	-0.346755981445312	0.129779757000506	0.630022351164371	0.510557760018855	-0.190379991196096	0.859871802385896
Nr2c2	-0.40606163488701	-0.0175226484425366	-0.816271426621825	0.560341922566295	0.620477807242423	0.954595820046961
Nr2f6	0.582616775296628	0.730297269299626	-0.388659627642483	0.446119335945696	-0.665949429851025	-0.792081574909389
Nr3c1	-0.942679981235415	0.791354917455465	-0.407526500988752	0.257053808309138	-0.841050586663187	0.220846346579492
Nr4a1	0.48269420536235	-0.239847268443555	0.329968076199293	0.888302823994309	0.0499492106027901	-0.341690871398896
Nr4a2	0.725478400010616	-0.676086607854813	-0.57436991808936	-0.301251296885312	-0.642571205273271	-0.405791653785855
Nr4a3	-0.167899728752673	-0.362490239087492	-0.348054717760533	-0.919398760423064	-0.609468799084425	0.0358057827688754
Nr6a1	-0.273738360032439	0.14703494310379	0.679048411082476	0.914938264526427	-0.80407639592886	-0.784819456748664
Nrf1	0.663551333360374	0.555374163668603	-0.718637714162469	0.163258567452431	0.746376602444798	0.883527271915227
Osr2	0.472315457649529	-0.238982003647834	-0.732193251606077	-0.655310024507344	-0.880562083330005	0.740242214407772
Parp1	-0.544925332069397	-0.453642754815519	-0.631921116728336	0.125548966694623	-0.314434652682394	-0.189205532427877
Patz1	0.251149218995124	0.903341033495963	0.83578948257491	-0.57851982023567	-0.689809097442776	-0.562679865863174
Pax5	-0.834480673540384	0.829305657185614	0.40891276858747	0.428903861436993	-0.676414597779512	0.192892408929765
Pax6	0.117643744219095	0.953223114367574	0.416781437117606	0.472279724664986	0.435018794611096	0.444425082299858
Pbx2	0.805123690050095	0.834775897208601	0.969028856605291	0.648204986471683	0.340500606689602	0.751390237361193
Pbx3	0.788488605991006	-0.683596322312951	-0.963818865362555	-0.658769422210753	-0.68620651261881	-0.658308338373899
Pitx2	-0.885727610439062	-0.560002327896655	0.53177177393809	-0.155596963595599	-0.246979894582182	0.973222259432077
Pknox1	-0.0382190351374447	-0.556971517391503	-0.807483751792461	-0.421557961497456	0.665947803296149	0.689504701178521
Plag1	0.178774362429976	-0.77909491257742	0.904208769556135	0.759763962589204	-0.0862391451373696	-0.31744832592085
Pou2af1	0.635525422170758	-0.136134285945445	-0.127983546815813	0.955694620031863	0.563708391971886	0.410406622104347
Pou2f1	-0.425124054308981	-0.840632066130638	0.109215362928808	-0.421871843282133	0.378038155380636	-0.911934004165232
Pou2f2	0.552611742168665	-0.0421168673783541	-0.148209650069475	0.430873189587146	-0.399231621995568	0.497215413022786
Pou6f1	-0.826215343549848	0.806332224979997	-0.210048772394657	0.570346197113395	-0.310396595858037	-0.0681029446423054
Ppard	0.582865440286696	-0.882289231289178	-0.216104770079255	0.155095789581537	-0.729133847635239	-0.438757345080376
Pura	0.205196039285511	-0.455339726991951	-0.293192521203309	0.90942476503551	0.51720905629918	-0.194797933567315
Rara	0.511213470250368	0.55987425846979	-0.476788576692343	0.106467303819954	0.856485180091113	0.575708345044404
Rarg	0.632868922781199	0.95220010727644	-0.224001575727016	0.98663782607764	0.618468157481402	-0.716360929422081
Rbpj	-0.755113865248859	-0.591123833786696	-0.230067348573357	0.526315589435399	-0.607051707338542	0.463842713739723
Rel	-0.179754458367825	0.236813156399876	-0.773164227604866	0.412304881494492	-0.978865357115865	-0.107254856731743
Rela	-0.792913925368339	0.666836725082248	0.8329819557257	0.641417128499597	0.799302872270346	-0.920496868900955
Relb	-0.990810408722609	-0.209960197564214	0.161794919520617	-0.105740720871836	-0.0684481905773282	-0.952382365241647
Rest	0.614283494185656	-0.620441152714193	0.399858678225428	0.434064681641757	0.0372429536655545	0.934286441188306
Rfx1	-0.115919891744852	0.724811445921659	-0.733851509634405	0.633019146509469	0.879237839952111	-0.68871160922572
Rfx2	0.0424688342027366	-0.427674487233162	0.264447362162173	-0.962480084970593	-0.975204738322645	0.00721576903015375
Rfx3	-0.558779567014426	-0.754377503879368	0.497275978326797	0.521221338771284	-0.936184355989099	0.959359505213797
Rfx4	0.813788269646466	-0.361711133271456	0.212242231238633	0.536836245562881	-0.356100862845778	0.828676845878363
Rfx5	-0.307322417385876	-0.16797721106559	0.315424929372966	0.276963195297867	-0.0434422115795314	0.941538046114147
Rfx7	-0.19124697893858	0.165410317946225	0.743986068293452	0.219949705526233	0.688222598284483	-0.930697672534734
Rfxank	-0.508223776705563	-0.854780179448426	-0.432224452029914	0.0778013803064823	-0.710188050288707	0.930645862128586
Rfxap	-0.141651502810419	-0.331576311029494	0.87747163977474	0.337855530437082	0.823401444125921	0.194084165617824
Rreb1	0.435504135675728	0.753679796587676	0.0574252693913877	-0.269694714341313	0.811737726442516	-0.277274846564978
Runx1	-0.180487238802016	0.759352939669043	0.257947923149914	-0.654713552910835	-0.539403228089213	-0.386983003932983
Runx2	0.672549333423376	0.229819235857576	-0.346728592179716	0.0470606302842498	-0.0232500024139881	-0.186557630077004
Runx3	0.671106029767543	0.231423720251769	0.939093792345375	0.960378976538777	0.17235135147348	0.158572254702449
Rxra	0.756768465042114	0.331259743310511	0.298473641742021	-0.00294244289398193	0.511181801557541	-0.269708644598722
Rxrb	-0.482006549835205	-0.860281668137759	-0.635038503911346	0.676755850668997	-0.710094360169023	0.248359365388751
Sall3	0.747844102792442	-0.163478819653392	-0.920135889668018	-0.88983124261722	0.204803127329797	-0.731760888826102
Satb1	0.241785537451506	0.790614466648549	-0.973254569806159	0.0118769174441695	0.0478672338649631	0.230370578821748
Smad2	-0.882310638204217	0.80123921809718	-0.114181746728718	-0.425358232110739	0.453847386874259	-0.327962221577764
Smad3	-0.510513419285417	-0.990063217002898	-0.673807302024215	0.400296195875853	-0.481862362474203	-0.405618173070252
Smad4	-0.490298578049988	-0.240900805685669	0.501996856182814	0.485024126246572	-0.326267262455076	-0.0958737418986857
Smad5	0.771217645145953	-0.404779754113406	-0.450851941946894	-0.147832812275738	0.470409833826125	0.453323955181986
Smad6	0.642045175191015	0.827099355868995	-0.719266236759722	-0.650319119449705	-0.682846561539918	-0.391046375501901
Smad7	0.790786949917674	0.267677367199212	0.662042178213596	-0.110206251963973	0.117405982222408	0.896246752236038
Snai1	-0.682479618117213	0.132352759130299	-0.721825966145843	-0.679873981978744	-0.0512221748940647	-0.225787224713713
Snapc4	-0.141404661349952	-0.76507685566321	-0.102802607696503	0.345203540287912	0.381203572265804	-0.436620633583516
Sox15	-0.888065489940345	0.248976378701627	-0.67996170418337	-0.731154423207045	-0.73969986801967	0.00338459154590964
Sox4	0.90325573226437	-0.173633163794875	0.0171086895279586	0.0463075847364962	-0.445579207967967	0.635837362613529
Sp1	-0.829673439729959	0.774256500415504	0.176424930803478	0.932961821556091	0.577559228055179	-0.963390858843923
Sp100	-0.599710192065686	0.559539236593992	0.760167055763304	-0.987588475458324	-0.209166127257049	0.524908177554607
Sp2	-0.0311943702399731	-0.101867423858494	0.897737957537174	-0.227954746689647	-0.533035524189472	-0.615006220061332
Sp3	0.26594303548336	0.946575518231839	-0.848736402578652	0.956173612270504	-0.920831275172532	-0.774829255882651
Sp4	0.46568153006956	0.0546185481362045	-0.76758864056319	-0.301097203977406	-0.253612353932112	-0.0120544638484716
Sp7	-0.703197774942964	0.719801586121321	-0.263696111273021	-0.205865965224802	-0.739425060339272	0.026319042313844
Spi1	-0.0192561750300229	-0.521761854179204	0.0613183733075857	-0.231701735872775	-0.0447750305756927	-0.353089072275907
Spib	-0.723545878194273	0.458773717749864	-0.139667716342956	-0.143132463097572	-0.609545699320734	-0.236749002244323
Spic	-0.440810632426292	-0.206202446017414	-0.255618896335363	-0.509007778950036	-0.85586500633508	-0.647390313912183
Srebf1	-0.706118740607053	0.726285943761468	-0.895046078134328	0.897250103298575	-0.775954355020076	-0.512552512809634
Srebf2	-0.113946018274873	0.79239573283121	0.195385532919317	-0.199644580017775	0.484034614171833	0.498746572062373
Srf	-0.0103700561448932	-0.234284686855972	0.381504146382213	0.870581733062863	-0.276147422846407	-0.618135329801589
Stat1	0.9780358443968	-0.817234398331493	0.196439002174884	-0.267000978812575	0.413373965770006	0.580850215628743
Stat2	-0.516482438892126	-0.29927649628371	0.108818305656314	0.396138753276318	-0.561861027032137	-0.910970034543425
Stat3	0.269133747089654	0.358358015306294	-0.0510451556183398	-0.175579234957695	0.431729861069471	-0.228859438560903
Stat4	-0.0983144789934158	0.283719917759299	0.273591792676598	0.591476471163332	-0.488543888553977	-0.597572064958513
Stat5a	-0.0359498606994748	0.331892703659832	-0.130643612705171	0.830677395220846	0.963726710062474	-0.34082313394174
Stat5b	0.677579960785806	-0.564155400265008	-0.415029885713011	-0.433608185499907	0.498810892924666	-0.481232586782426
Stat6	0.526305505540222	-0.966484905220568	-0.113246120512486	0.051442171446979	-0.212760084774345	-0.627822211012244
Tal1	0.394950063899159	0.267560238949955	0.892581646796316	-0.121359245851636	-0.490422434639186	-0.185463605914265
Tal2	0.464312758296728	-0.647973876446486	-0.297654539812356	-0.426543368026614	-0.361310303211212	0.45105179771781
Tbp	-0.689879025798291	-0.743225616868585	0.430923358071595	0.719015610869974	-0.970874377992004	0.742369599174708
Tcf12	0.288606199901551	0.0787881123833358	0.118129360955209	-0.623869617469609	0.100149829871953	0.784422667231411
Tcf3	-0.465798468794674	-0.597555906046182	0.934160200413316	-0.19553750846535	-0.833774309139699	-0.353225712198764
Tcf4	0.582111558876932	0.218369164969772	0.0141772250644863	0.539284402504563	-0.816424221266061	-0.274981719907373
Tcf7	0.449919300619513	-0.79059580154717	0.153544534463435	0.692106905393302	0.0662037534639239	-0.101150341331959
Tcf7l1	-0.782309970352799	-0.819134637713432	0.991763000842184	0.624992851633579	0.720356163103133	0.462973709683865
Tcf7l2	0.524052500259131	0.74852708587423	-0.352956629358232	0.224685171153396	-0.468644280917943	-0.0331985554657876
Tef	-0.519615371711552	-0.110839936882257	-0.451467476785183	0.776895711198449	0.154307557269931	0.295294100418687
Tfap2b	0.607270155102015	0.293102872092277	0.303354292176664	-0.479899508412927	-0.291544731706381	-0.346076625864953
Tfap4	-0.899740173481405	0.527595366351306	0.398377276025712	-0.834221899043769	0.577801248989999	0.655166843906045
Tfcp2	-0.750346283894032	0.899743616115302	-0.45889932429418	-0.149084928445518	0.113879563752562	0.142580627463758
Tfdp1	0.510945948306471	0.70001916680485	-0.562666763085872	-0.486620306968689	0.479144922457635	-0.461955503094941
Tfe3	0.754262530710548	-0.319469383917749	0.933273919392377	0.217973673716187	0.68273858865723	0.16068021627143
Tfeb	-0.499220753088593	0.699305737391114	0.573668975848705	-0.340204083826393	-0.887293963693082	-0.170532314572483
Tfec	-0.597552531398833	0.170382307376713	0.0756729384884238	0.86451591970399	0.123981885612011	-0.60167322261259
Tgif1	0.612662514671683	-0.681663701776415	-0.185338088776916	-0.0882339091040194	-0.393585440702736	-0.0322081660851836
Thra	-0.641903852112591	-0.960101475473493	-0.151528816204518	0.907750447280705	0.100982710719109	0.082237558439374
Trim28	-0.807039678096771	-0.82921814545989	-0.62244072323665	0.401994893327355	0.749814201612025	-0.207473031710833
Trp53	-0.922317360062152	-0.919380023144186	-0.589715372771025	0.428576847072691	0.430199908092618	-0.834034421481192
Trp63	0.413970600813627	0.699965859763324	0.0347336893901229	0.121526227798313	0.463216165080667	0.22552201198414
Usf1	0.480969288386405	-0.888688693288714	-0.0456715980544686	-0.944881484843791	0.415493070147932	-0.0171813303604722
Usf2	0.303048743866384	0.296351516153663	-0.660877235699445	0.389787098392844	-0.782859764061868	-0.619701157324016
Vdr	0.730170581489801	0.459288005717099	0.155814539175481	-0.682157361879945	-0.176870205439627	-0.833544181194156
Vezf1	-0.796549807302654	0.794980592094362	-0.562243258114904	0.556743341498077	-0.222646814305335	-0.508534512016922
Xbp1	-0.144075096584857	-0.971640821546316	-0.509648303501308	0.681105490308255	-0.987489591818303	-0.825378014706075
Ybx1	0.986922259442508	-0.339739428833127	0.908956171944737	0.215898009482771	0.335225523915142	-0.600176807958633
Yy1	0.00203819246962667	-0.908593986649066	0.663062775973231	0.686962735373527	-0.265837362036109	0.30011228332296
Zbed6	-0.652459870092571	-0.83520299103111	-0.283567436505109	0.278879011049867	0.764225876424462	-0.785586526151747
Zbtb12	0.759308703709394	0.344151276163757	0.222279040608555	0.220542654860765	-0.452784094493836	-0.433599454816431
Zbtb14	-0.820193361956626	0.897394354455173	-0.42530713416636	-0.184533159248531	0.514638894237578	0.696613744832575
Zbtb24	-0.483050798531622	0.619773750659078	-0.489528890233487	-0.525657617952675	-0.826893689110875	-0.0378092271275818
Zbtb3	-0.799392119050026	-0.769117429852486	-0.099268052726984	-0.617357478477061	0.681811240036041	0.562055983114988
Zbtb33	0.346014453563839	0.28548768395558	0.149054456502199	0.963371380232275	-0.143458218313754	0.646227874327451
Zbtb41	0.686531795188785	-0.402493313420564	0.892700183205307	0.741569787729532	-0.402093169279397	0.2080067996867
Zbtb5	-0.385580767411739	0.897496375255287	0.0822699936106801	-0.570681033656001	0.798114180099219	-0.27586265001446
Zbtb6	0.980692886281759	0.450497775804251	0.368396932259202	-0.876313228625804	0.495335788931698	-0.181274103466421
Zbtb7a	-0.667820365633816	0.558764877729118	0.422572969458997	0.616833759937435	0.7651277333498	-0.573252056259662
Zbtb7b	0.517668033950031	-0.566459675319493	0.961363514885306	-0.321273064240813	0.469972481485456	-0.14254051214084
Zeb1	-0.487072413787246	0.152989613357931	-0.821586690843105	0.893143732566386	0.432429217733443	0.23229848081246
Zfp112	-0.602853327523917	-0.732900550123304	-0.254009059630334	-0.634974164888263	0.169931476935744	0.769734133034945
Zfp128	0.381353163626045	-0.765373337548226	0.911189202219248	-0.731463711243123	0.894818165805191	-0.326855856925249
Zfp143	0.214915576856583	-0.223047766834497	0.518727250862867	-0.170154663268477	0.475472022313625	-0.210782044101506
Zfp148	0.458174981176853	-0.0323198642581701	0.0694226804189384	0.0596696506254375	-0.357564147096127	0.188688584603369
Zfp184	0.794348024763167	-0.652969299815595	0.406403928995132	0.841450706124306	-0.593261198140681	-0.712494592648
Zfp239	-0.438899023924023	-0.074699001852423	-0.498059918638319	-0.93074988713488	0.562014018185437	0.735200266353786
Zfp260	0.647070768289268	0.93446599226445	0.976646455470473	0.00833961460739374	-0.0159646030515432	-0.460285016335547
Zfp281	0.425580726470798	0.751454186625779	0.595346168149263	0.685655551496893	-0.162079026922584	-0.348973415791988
Zfp3	0.0105658145621419	0.517596526537091	0.777161751873791	-0.75234321737662	-0.37690338306129	0.549471320118755
Zfp319	0.440208886284381	0.466548729222268	-0.0504146036691964	0.199890230316669	-0.0558596486225724	-0.0708665181882679
Zfp35	0.611266179475933	-0.776944076642394	-0.927893465384841	0.129302458837628	0.683926261495799	-0.577709303703159
Zfp354c	0.599938165862113	-0.515449577476829	0.148021915927529	0.750363245606422	-0.187135999556631	0.144039820414037
Zfp384	-0.972426240798086	0.187291238922626	0.576306440401822	0.781536847352982	0.91642054123804	0.218568781390786
Zfp410	-0.138339512515813	0.645240903832018	0.895299564115703	-0.167583612259477	0.471090295817703	0.30099700530991
Zfp426	0.821041560266167	-0.508806224912405	0.15973121766001	-0.12121468083933	-0.312889349646866	0.624859617091715
Zfp451	-0.221972490660846	-0.653905935119838	0.544145954307169	0.249638963490725	0.931143287569284	-0.733789905905724
Zfp46	0.642946167849004	0.0880474662408233	0.449731310363859	-0.384044216014445	-0.66045000590384	-0.619164945557714
Zfp507	-0.753833396825939	-0.469162001740187	0.248188996687531	0.630209729075432	0.727726927958429	-0.85907422658056
Zfp516	-0.813014286570251	-0.471111254766583	0.495689339004457	0.0642410865984857	0.241149278823286	0.486320607829839
Zfp526	0.701126758009195	-0.450922541320324	0.972822702955455	0.528769292868674	-0.294814620167017	0.979956802446395
Zfp532	-0.586770569905639	0.203206808771938	-0.012219444848597	0.693426590412855	-0.866855716332793	-0.127279973588884
Zfp553	0.0944655695930123	-0.232310208957642	-0.412089822348207	0.722866527270526	0.825479146558791	0.582403493579477
Zfp574	0.537988656200469	0.912084477953613	-0.291302213445306	-0.0344874397851527	0.261759115383029	0.778470696415752
Zfp579	0.292140129953623	-0.887927694246173	-0.574472981970757	0.437872947659343	0.79370829090476	0.215707163792104
Zfp580	-0.874173397198319	-0.613343285396695	-0.926183762028813	0.257986455690116	-0.840829435735941	0.631135585717857
Zfp628	0.715677503030747	0.608061766717583	0.772213314194232	0.421527307946235	-0.947489291895181	0.982226249761879
Zfp629	0.960273678414524	-0.816767434589565	0.131036120001227	0.834467620588839	-0.624512860551476	0.995174538809806
Zfp64	-0.580177659634501	0.463402183260769	0.514938563574106	0.307027352042496	-0.0899751679971814	-0.347912927158177
Zfp652	-0.288577510975301	-0.690296927466989	-0.620450638234615	-0.570644274353981	-0.422665990889072	0.483641914557666
Zfp653	0.640937020070851	0.545627258718014	-0.148142139427364	-0.837392104789615	0.277526242192835	-0.876728743314743
Zfp661	-0.314896386582404	0.2576799178496	-0.806496056728065	-0.745553992222995	0.0192446154542267	0.608799366746098
Zfp664	-0.196680882014334	0.0464607537724078	-0.427951127756387	0.226019368972629	-0.383510859217495	0.640152995008975
Zfp668	0.0548957828432322	-0.905456720851362	-0.901844927575439	0.349303126335144	-0.418917111121118	0.138845420442522
Zfp672	-0.0166168524883687	0.797983662690967	-0.00506763160228729	-0.57670090906322	0.981339061167091	0.62521195365116
Zfp691	0.172615031246096	0.345812237821519	0.686095740646124	-0.567678081803024	-0.980410678777844	-0.397794981952757
Zfp74	-0.0273740561679006	-0.550383415538818	0.972824670374393	-0.722591677680612	0.226333396043628	-0.131497107911855
Zfp740	0.407565794419497	0.443985152058303	0.772617564536631	-0.13522889604792	0.728907528333366	-0.425987030845135
Zfp770	-0.171444098930806	0.301047489978373	0.931330758146942	0.625328834634274	-0.0825927439145744	-0.513771341182292
Zfp775	-0.656957028899342	-0.0149982902221382	0.799497636966407	-0.320598276797682	0.981667337939143	0.396936805453151
Zfp787	0.484438697807491	0.474784643854946	-0.224661240819842	0.93562545767054	0.0567609495483339	0.82501367572695
Zfp800	0.80780524853617	-0.215357661712915	0.782788829412311	-0.354640471749008	-0.898103807587177	-0.244104445911944
Zfp90	0.0684110182337463	0.614271969534457	0.532700922340155	0.764148373622447	0.186994237825274	0.0302759888581932
Zfx	0.724416960496455	-0.624845283571631	0.367465593386441	0.585249036084861	0.219089270103723	0.69333038199693
Zkscan6	-0.351342335809022	-0.832039143890142	-0.788937326520681	0.927190761547536	-0.671332138124853	-0.883469689171761
Zscan10	-0.878759664483368	-0.287844478618354	0.333275331649929	0.285819147247821	-0.16644646320492	-0.393748368136585
Zscan12	-0.674345963168889	-0.678148133680224	-0.969555906485766	0.215949269942939	-0.431893965229392	0.630823682527989
Zscan2	-0.910956784151495	0.371129940729588	0.780563720036298	0.129011384211481	0.820285428781062	0.658466230146587
Zscan21	-0.818054136354476	-0.539142325986177	0.384247254114598	-0.261720220092684	-0.408094023820013	0.286617685575038
Zscan26	-0.836228135973215	-0.500195431057364	0.435741608496755	-0.559715046081692	-0.0105945779941976	0.539010830689222
