hsa00010	1	1	-7.02795317671814	6.98295662909334	-1.01807379338764	1.06307034101244
hsa00010	2	3	2.80143383656218	3.67712706368473	-0.431634194049386	-6.04692670619754
hsa00020	1	1	-5.50799964264525	6.35344634036618	-0.554657224091802	-0.290789473629115
hsa00030	1	1	-5.502222198613	4.41268741976189	0.59652933920376	0.493005439647344
hsa00040	1	2	-4.98623111101788	-0.351398221797364	-0.195295150263176	5.53292448307842
hsa00040	2	3	-0.888053035868487	4.49945818717774	-2.99127774546301	-0.620127405846242
hsa00051	1	1	-4.83461861419887	5.15232288059017	0.632919184606633	-0.950623450997928
hsa00052	1	1	-6.01760288893318	3.57244684423668	0.497258236073243	1.94789780862325
hsa00053	1	1	-4.99033518910399	1.62321468016403	-1.14091274317052	4.50803325211048
hsa00053	2	3	0.212877225195228	4.41733781297842	-2.61379813002702	-2.01641690814663
hsa00061	1	3	-3.42998426543874	4.33679010109325	-1.20802606045683	0.301220224802319
hsa00061	2	3	2.47833642778099	1.7500410034545	-1.447588291711	-2.78078913952448
hsa00062	1	3	-3.97218458710049	5.20971233022116	-1.58119145453615	0.343663711415484
hsa00062	2	3	2.91164067563671	2.02191803558166	-1.41696270955937	-3.51659600165899
hsa00071	1	3	-4.48977804510571	7.80260336618636	-2.33662169742296	-0.976203623657684
hsa00072	1	3	-1.12141158265399	4.01567589788881	-2.01108727788883	-0.883177037345985
hsa00100	1	3	-0.950842125111821	5.30332306037199	-2.90678378493156	-1.44569715032861
hsa00120	1	2	-4.24459240838437	1.79688170445989	0.163597012963087	2.28411369096139
hsa00120	2	3	0.483557332551873	3.11920165584816	-2.20549009305938	-1.39726889534066
hsa00130	1	3	-2.82619894323723	2.83741127036064	-0.803105192375473	0.791892865252062
hsa00130	2	3	1.42841490306401	1.78604392315478	-0.94968801718015	-2.26477080903864
hsa00140	1	1	-6.7308923346261	2.82091373191856	-2.12014567615191	6.03012427885945
hsa00140	2	3	1.49414954450925	5.62163364907095	-4.55296246173221	-2.56282073184798
hsa00190	1	1	-13.3315766212321	10.8329525702568	0.62313058081688	1.87549347015841
hsa00220	1	3	-3.45283187017709	4.65228547296794	-1.1118013442284	-0.0876522585624445
hsa00230	1	1	-10.8506165180402	9.19911196264601	-0.214192216522032	1.86569677191627
hsa00230	2	2	-4.77308321791762	-6.42893302662784	6.5147642570057	4.68725198753976
hsa00232	1	3	-1.37726430145492	2.08064282100266	-2.13985055977146	1.43647204022372
hsa00240	1	1	-6.01003604634956	7.34488568161646	-1.1429922810098	-0.191857354257089
hsa00240	2	2	-4.27791952250517	-2.78148800150936	4.12805773097774	2.93134979303678
hsa00250	1	1	-4.85360118145268	6.32387542140711	-1.4365189740663	-0.0337552658881302
hsa00260	1	1	-6.54292715340383	3.86610596978851	0.412278984050532	2.26454219956479
hsa00260	2	3	1.30666105980458	4.18340166372342	-2.59595540080856	-2.89410732271945
hsa00270	1	1	-5.76964688828204	6.90954572675051	-2.01071973501768	0.870820896549208
hsa00280	1	1	-4.96677655498223	8.42299561208477	-2.75175697929348	-0.704462077809058
hsa00290	1	3	-2.04276290479833	0.493697639169976	0.0716957362431693	1.47736952938519
hsa00310	1	1	-7.41379377009608	7.09542080593055	-1.32292125379017	1.6412942179557
hsa00330	1	3	-2.23640256126361	7.35771008296327	-3.35097988633929	-1.77032763536036
hsa00340	1	3	-2.48570503157417	4.91652250118805	-2.17887503726268	-0.251942432351206
hsa00350	1	3	-1.03212770978933	5.93584647354238	-3.44867055244466	-1.4550482113084
hsa00350	2	2	-4.53113735835522	0.356375620520897	0.359959747974086	3.81480198986024
hsa00360	1	3	-0.805544805371812	4.26295203063038	-2.33535264837402	-1.12205457688455
hsa00380	1	3	-2.75938264806322	7.18002726488167	-3.65814799145712	-0.762496625361332
hsa00400	1	3	-0.32208442954609	2.89504984841538	-1.29842735034644	-1.27453806852285
hsa00410	1	3	-3.85848244307752	5.45309094332119	-1.61590378652804	0.0212952862843644
hsa00410	2	2	-3.22243477663738	-1.74845354248618	1.83550575615077	3.13538256297281
hsa00430	1	3	-2.19078119765623	3.35093503390795	-1.92524010333903	0.765086267087311
hsa00440	1	3	-1.59674312190696	2.72203123327692	-0.992023978361785	-0.133264133008179
hsa00440	2	2	-1.72906697057649	-0.574085771540409	1.03785562789213	1.26529711422477
hsa00450	1	1	-4.52339271459542	2.90671741160173	0.758058440297136	0.85861686269655
hsa00471	1	3	-2.779121723823	1.56707246797445	0.684073409154321	0.527975846694229
hsa00480	1	1	-5.75543435158891	7.42314476888536	-3.02856392450615	1.3608535072097
hsa00500	1	1	-4.88453524260487	5.42937272208944	-1.19282675169028	0.647989272205711
hsa00510	1	1	-6.58419079548366	7.2439540994012	0.205827399514371	-0.865590703431901
hsa00511	1	1	-5.29363408300977	2.09691369202986	0.952917785194313	2.24380260578559
hsa00512	1	3	-4.14550504677044	6.25758295505394	-2.73219365078153	0.620115742498043
hsa00513	1	1	-5.80441511061074	5.52859363916231	1.25773978347045	-0.981918312022016
hsa00514	1	1	-5.16862580527482	6.71457043013966	-2.08490463453551	0.538960009670675
hsa00515	1	1	-5.07440881285774	3.62148812505934	-0.0541337528222677	1.50705444062067
hsa00520	1	1	-6.27262785187469	5.83566983443582	0.997095352812488	-0.560137335373615
hsa00520	2	3	3.04214731642489	3.45595034182784	-3.03445613217617	-3.46364152607656
hsa00524	1	3	-2.1769967894141	1.44876943840308	0.733193656789699	-0.00496630577868081
hsa00524	2	3	0.619618535201476	0.624906712549828	0.592528915207606	-1.83705416295891
hsa00531	1	1	-4.6615758879144	3.57027732496923	-0.00404262011147136	1.09534118305664
hsa00532	1	2	-4.15734888399915	-0.136838983822204	3.07734848471571	1.21683938310565
hsa00532	2	2	1.60803015778398	-2.58005467968565	2.76767933963655	-1.79565481773489
hsa00533	1	3	-4.02188138293307	2.98587181228927	0.141125000091061	0.894884570552741
hsa00533	2	3	1.33979166574057	2.26055070474302	-2.46850512666981	-1.13183724381378
hsa00534	1	2	-5.49413388802047	1.50688895212783	2.02738005098316	1.95986488490948
hsa00534	2	3	-0.253718095013219	3.70658710942987	-3.14328806266458	-0.309580951752068
hsa00561	1	1	-8.14824428671586	4.34381352435318	-0.125697148621361	3.93012791098404
hsa00561	2	3	1.66761650367946	5.32803108651967	-4.42276546516925	-2.57288212502988
hsa00562	1	1	-10.0125361331226	5.89744195739388	1.30983456275993	2.80525961296883
hsa00563	1	1	-4.91679986215007	4.86278691060446	-0.423455499166738	0.477468450712359
hsa00564	1	1	-10.4049350131639	6.15580935831625	0.763444112689696	3.48568154215791
hsa00564	2	3	2.41532556854633	6.71926117693822	-5.73391394424225	-3.40067280124229
hsa00565	1	1	-5.90567295782541	5.9503961639116	-1.50298991361594	1.45826670752975
hsa00565	2	3	3.56834855791975	3.19319304187895	-4.02966324395195	-2.73187835584674
hsa00590	1	3	-4.40516472413166	5.75732888460932	-4.242460059523	2.89029589904534
hsa00590	2	2	-4.95385179452554	-3.26355040808152	3.7550596411224	4.46234256148467
hsa00591	1	3	-1.10030107244381	5.24531340507611	-3.54341175736571	-0.601600575266586
hsa00591	2	2	-4.27811558347952	0.14869308092854	1.02076368476562	3.10865881778537
hsa00592	1	3	-3.70774263547184	4.25487364377305	-1.24062113924282	0.693490130941607
hsa00592	2	3	2.91846669751426	1.98842144277046	-2.97982851492998	-1.92705962535474
hsa00600	1	1	-5.9845614812236	6.51276363565606	-1.10221561328154	0.574013458849075
hsa00600	2	3	3.52039457189165	2.88505829437569	-3.55269530970785	-2.85275755655949
hsa00601	1	3	-4.02406179883579	5.01776261934618	-2.29723860021117	1.30353777970078
hsa00601	2	2	-3.20535298365321	-1.9171456069593	2.76499463441547	2.35750395619704
hsa00603	1	1	-4.20163121402793	2.60848311710433	0.187423798786585	1.40572429813702
hsa00604	1	1	-4.59124732414448	2.86413748986953	0.931767629940475	0.795342204334481
hsa00620	1	1	-5.61572529803978	6.66922442250199	-1.64178871808064	0.588289593618438
hsa00630	1	3	-4.06901058247351	5.96047716632052	-1.26456736707954	-0.62689921676746
hsa00640	1	3	-3.80056323719338	6.95445240912468	-2.09913915790109	-1.05475001403021
hsa00650	1	3	-3.36801053192657	5.92293329334121	-3.12536986755443	0.570447106139782
hsa00670	1	3	-2.04190886016066	4.46993577158994	-1.396514157021	-1.03151275440829
hsa00670	2	2	-3.33151812347223	-0.526437816412125	1.2876180357264	2.57033790415796
hsa00730	1	3	-3.29468879803883	4.05520450553976	-0.485250051710132	-0.275265655790798
hsa00740	1	3	-2.94098268094469	2.83289129014454	-0.331760369834235	0.439851760634389
hsa00750	1	3	-0.645982918284258	2.62912440260518	-0.276548707965515	-1.70659277635541
hsa00750	2	2	-0.773942353919536	-0.41893603266351	1.84416627581269	-0.651287889229647
hsa00760	1	3	-4.27663669824447	5.70106169230661	-0.634851046576755	-0.789573947485391
hsa00770	1	3	-3.64354030272341	4.66457911345351	-1.03771006433946	0.0166712536093588
hsa00770	2	3	2.56970746104262	1.74959458013375	-1.20802457619054	-3.11127746498584
hsa00780	1	3	-1.6088223974268	2.00018050664751	-0.320842530275974	-0.0705155789447292
hsa00785	1	3	-1.73202960582901	1.98167780371106	-1.09121260892955	0.841564411047491
hsa00790	1	3	-1.81870735424816	5.18452514170125	-1.30451753980827	-2.06130024764482
hsa00790	2	2	-4.22126607899866	-0.0260897367971948	1.60295791199548	2.64439790380038
hsa00830	1	1	-5.541104821425	5.63552403771606	-4.28060346816527	4.18618425187421
hsa00830	2	2	-3.75493046861073	-4.82285364494859	3.48837616177549	5.08940795178384
hsa00860	1	1	-6.50314781891571	2.30817335647512	-0.482845710885289	4.67782017332588
hsa00900	1	3	-3.2684482326898	5.81599364088246	-0.841391778365625	-1.70615362982703
hsa00910	1	3	-2.72962905873577	3.65251589856516	-2.33442012899567	1.41153328916628
hsa00910	2	3	2.06717530486634	1.91232275595975	-1.14123856389531	-2.83825949693078
hsa00920	1	3	-2.91465181552492	3.80492309938115	-1.2140941097935	0.323822825937272
hsa00970	1	1	-7.20621130179525	5.67486666320318	1.91424919259539	-0.382904554003326
hsa00980	1	1	-5.57174692995166	7.88280021372294	-5.22949570999166	2.91844242622038
hsa00980	2	2	-4.77647572494417	-3.61949662970441	2.77183094690533	5.62414140774325
hsa00982	1	3	-3.50918471115735	8.36128956812608	-5.46991776624965	0.617812909280929
hsa00982	2	2	-5.37883447028538	-2.09417942812759	0.98266626059932	6.49034763781365
hsa00983	1	1	-6.74454323506543	8.17678398286459	-3.49064753371964	2.05840678592047
hsa00983	2	2	-4.68755888526269	-3.69811824036972	3.35874604938511	5.02693107624733
hsa01040	1	1	-5.20532564582351	4.09952922628186	-0.423263797224015	1.52906021676567
hsa01040	2	3	1.6304601249409	3.09213563534778	-1.55297418323478	-3.1696215770539
hsa01100	1	1	-35.0566545028857	34.0439272655699	-5.50135916946806	6.5140864067839
hsa01200	1	1	-9.52069885735258	10.9422340278423	-0.932445993277079	-0.489089177212593
hsa01210	1	3	-4.0099528475937	4.52462332000166	-0.534551374372001	0.0198809019640417
hsa01212	1	1	-5.57017684894194	8.4233441281251	-2.492762680726	-0.360404598457167
hsa01230	1	1	-6.61746903773243	8.39257917725588	-0.888543289208185	-0.886566850315275
hsa01240	1	1	-8.96334659426507	11.9340217679929	-2.13673860563324	-0.833936568094628
hsa01240	2	2	-7.16012966451039	-4.21243201664264	3.39535345647288	7.97720822468017
hsa01521	1	1	-8.64910262118775	7.24899031077382	0.668286690770471	0.73182561964345
hsa01521	2	3	3.46639487691858	4.93768563356878	-5.32415534479966	-3.07992516568769
hsa01522	1	1	-10.6065001302731	6.40052022219409	2.2340173482612	1.97196255981782
hsa01522	2	3	2.17723002311153	6.55217823581376	-6.22195277445244	-2.50745548447285
hsa01523	1	1	-4.76869812198847	5.43692506690078	-0.790462044080884	0.122235099168581
hsa01524	1	1	-7.18457341876888	8.65011822072985	-2.07070299299849	0.605158191037534
hsa02010	1	1	-5.91920885773201	5.59393500848966	-1.57332871312723	1.89860256236958
hsa02010	2	2	-3.32460290667595	-3.35393260083341	3.91632827098771	2.76220723652165
hsa03008	1	1	-6.61647185613768	9.22710898078551	1.12035052339284	-3.73098764804068
hsa03010	1	1	-12.4173519257608	10.5929849312638	4.83023050723941	-3.00586351274247
hsa03013	1	1	-12.2451305902033	13.0735757048984	0.57097013573956	-1.39941525043459
hsa03015	1	1	-9.29355813475975	9.67567747909897	0.108084277996413	-0.490203622335623
hsa03018	1	1	-7.8396014791262	8.28053869027622	0.470749104274664	-0.911686315424693
hsa03020	1	1	-4.85406885138044	5.65709174801157	0.405410562443701	-1.20843345907483
hsa03022	1	1	-6.22005409406276	6.39482647693901	0.53029212095423	-0.70506450383049
hsa03030	1	1	-5.03442150208467	6.65278235976467	-1.74632589577051	0.127965038090513
hsa03040	1	1	-12.8024990260254	11.6180510836419	0.657052978145973	0.527394964237493
hsa03050	1	1	-7.80826264305592	7.04742280372714	1.17512583957893	-0.414286000250143
hsa03060	1	3	-4.44910429066741	4.94461100958884	-0.00971656538941839	-0.48579015353201
hsa03320	1	1	-7.22547818345129	7.29302126774377	-2.06455928105831	1.99701619676583
hsa03320	2	3	4.23660594463276	4.50450550174399	-3.74637640471414	-4.99473504166261
hsa03410	1	1	-6.53913856632275	5.5200304484026	-0.129340916010355	1.1484490339305
hsa03420	1	1	-6.70804478843581	6.62405911955819	0.342679494045049	-0.258693825167431
hsa03430	1	3	-4.33067986957421	5.51870497771211	-0.82715422189989	-0.360870886238011
hsa03440	1	1	-5.58203186687595	6.38981458863987	-0.7620537426811	-0.0457289790828164
hsa03450	1	3	-3.90193953942871	3.57499843667508	0.254626932196829	0.0723141705567963
hsa03460	1	1	-7.71306321126865	6.71721775826106	-0.348341144736782	1.34418659774437
hsa04010	1	1	-15.5429009638339	14.3100937139781	-1.40458311907253	2.6373903689284
hsa04010	2	2	-8.31326645722779	-8.98972967449677	11.4308415465491	5.87215458517539
hsa04012	1	1	-9.6612355753441	7.71881002727325	-0.0797874003577222	2.02221294842858
hsa04014	1	1	-13.8471200739898	12.4287996356768	-1.35306582578386	2.77138626409683
hsa04014	2	3	7.00732221948052	7.89707482009641	-9.74333363020059	-5.16106340937633
hsa04015	1	1	-13.4927112962551	9.96001135514988	0.282629949085152	3.25006999202011
hsa04015	2	2	-5.27312822329839	-8.59940557552519	10.3069733290789	3.5655604697447
hsa04020	1	1	-11.8526483338254	12.2980713450593	-4.71249286971019	4.2670698584763
hsa04020	2	2	-8.97550877414614	-7.31271284460759	9.57221046810686	6.71601115064689
hsa04022	1	1	-13.0701464707946	7.79716533648158	1.36699854963794	3.90598258467509
hsa04022	2	3	3.02949880699824	8.62487636500227	-7.03753640293056	-4.61683876906998
hsa04024	1	1	-13.1559252820432	10.5203132064249	-1.66144493192341	4.29705700754169
hsa04024	2	3	6.445835877383	9.4042409973728	-9.05832688739375	-6.79174998736206
hsa04060	1	3	-3.96016119117063	14.9064764645084	-12.1863633433033	1.24004806996558
hsa04060	2	2	-14.2048293593963	-0.729616683779916	4.75904015276212	10.1754058904141
hsa04061	1	2	-1.73663218500578	-8.01132316243059	8.67728009394854	1.07067525348783
hsa04061	2	1	-8.30657530746972	2.40786021765068	-0.190745805394402	6.08946089521345
hsa04062	1	1	-14.4276817079558	7.63368498492083	2.84023232364553	3.95376439938946
hsa04062	2	3	2.48511215554186	9.51671232353847	-9.57243154824342	-2.42939293083694
hsa04064	1	1	-9.42637348350324	7.74153664661991	-0.1186396507446	1.80347648762793
hsa04064	2	2	-4.09216653370884	-5.51440373836469	6.87240215476212	2.73416811731143
hsa04066	1	1	-8.59696339902136	8.86780740191325	0.104088383707674	-0.374932386599561
hsa04066	2	3	5.10334096453558	4.69995585637869	-3.09097519859384	-6.71232162232046
hsa04068	1	1	-10.9364984250417	9.3209987183835	-0.739626320537875	2.35512602719611
hsa04070	1	1	-11.385629163124	6.49851533592419	1.31285739874067	3.57425642845915
hsa04071	1	1	-10.560940983956	8.94924796421792	1.00889356570785	0.602799454030215
hsa04072	1	1	-13.0473534463765	5.93026152977	3.17900969430694	3.93808222229958
hsa04072	2	3	1.38178675562069	8.75653586376692	-7.93818807860116	-2.20013454078645
hsa04080	1	3	7.94178420853461	13.5660475786166	-12.6728546569243	-8.83497713022687
hsa04080	2	1	-13.663492478798	9.23460306831792	-5.8273305246013	10.2562199350814
hsa04110	1	1	-10.3396892823601	10.6947970769887	-2.16618424980417	1.81107645517555
hsa04114	1	1	-10.2488444519138	10.4119406555659	-1.49342612610596	1.33032992245383
hsa04115	1	1	-7.84636953006224	7.42832098930104	-1.10882366383255	1.52687220459375
hsa04120	1	1	-13.0085798536926	11.0581385963132	1.20818785024878	0.742253407130642
hsa04122	1	3	-1.57728070853651	2.67827609454517	-0.579464453850796	-0.521530932157866
hsa04122	2	3	-0.208737199975067	-0.0393081940179298	1.63283042366033	-1.38478502966733
hsa04130	1	1	-6.41439286256445	5.84879964647028	0.233491371843337	0.332101844250828
hsa04136	1	1	-6.03268415336751	4.42259739399682	0.87386401936127	0.736222740009415
hsa04137	1	1	-8.95031576646814	7.02602872458056	1.13308131490303	0.791205726984548
hsa04140	1	1	-12.8137436709884	9.70302360794138	1.65277020644997	1.45794985659708
hsa04141	1	1	-12.1129775849451	13.5313698051923	-0.0578123794957405	-1.36057984075154
hsa04142	1	1	-13.25960121547	7.84021778645412	2.51962863573957	2.89975479327632
hsa04144	1	1	-16.5965052817171	12.839094745745	1.51532735624479	2.2420831797273
hsa04145	1	1	-13.581909878978	7.31837238802363	1.78758722411999	4.47595026683437
hsa04146	1	1	-7.17710744523494	9.79222557556304	-2.91171829036278	0.296600160034678
hsa04150	1	1	-13.4185894178022	10.2221626753476	0.529489375482329	2.66693736697229
hsa04151	1	1	-14.5649741447267	16.165044175138	-4.25214409193256	2.6520740615212
hsa04151	2	2	-11.1140395883832	-8.30773148014336	11.4551461727273	7.9666248957993
hsa04152	1	1	-10.1971027365884	9.93874552137135	-0.187206900722269	0.445564115939303
hsa04210	1	1	-11.9954376775632	8.42831274235693	1.00350671662001	2.56361821858627
hsa04211	1	1	-9.80442310445438	7.15246618430227	1.34308093242079	1.30887598773131
hsa04213	1	1	-7.39400838075645	6.38424611905672	-0.223734355746213	1.23349661744595
hsa04213	2	3	3.23560131445393	4.27195081588276	-4.05661016378094	-3.45094196655578
hsa04215	1	1	-5.39972974867395	4.86447690437371	-0.160996230616734	0.696249074916974
hsa04216	1	1	-4.84626907794418	5.87166962908303	-1.05968022123776	0.0342796700989063
hsa04216	2	3	3.3639116642822	2.47551083659754	-1.79824943885782	-4.04117306202193
hsa04217	1	1	-12.2945292704509	9.31842489480501	-0.0681617465750094	3.04426612222089
hsa04218	1	1	-11.5436951474198	11.3040080317125	-0.950042389746706	1.18972950545404
hsa04260	1	1	-8.95223825216293	7.79523383061447	-1.61889260376223	2.7758970253107
hsa04261	1	1	-10.9005426011626	10.4251483994788	-2.19426099247141	2.66965519415516
hsa04261	2	2	-6.02290010329314	-5.87241750441393	7.44018816531471	4.45512944239236
hsa04270	1	1	-12.1650171199407	4.80343667469118	2.99729088469119	4.36428956055838
hsa04270	2	3	0.788893928583634	8.58106153929848	-6.78239228496846	-2.58756318291364
hsa04310	1	1	-11.600964232216	10.7523492945624	-2.00623743684026	2.85485237449383
hsa04310	2	2	-5.81123098859428	-6.18084534394804	7.23971037956189	4.75236595298042
hsa04330	1	1	-8.47298170112625	5.54584480904345	0.774520819215227	2.15261607286758
hsa04340	1	1	-7.69794983707114	5.28296115712729	0.586809527821368	1.82817915212248
hsa04350	1	1	-10.0247440199303	6.83508895896388	-0.000662919768717155	3.19031798073511
hsa04350	2	2	-2.94505975865451	-5.69998695738321	5.68602596927683	2.95902074676088
hsa04360	1	1	-12.9719147232959	10.7799150625519	-0.536811879502518	2.72881154024651
hsa04360	2	2	-5.48637558359309	-7.13070347486855	8.7977227197116	3.81935633875004
hsa04370	1	1	-7.80472736973552	6.59161570175208	0.576593460013874	0.636518207969564
hsa04371	1	1	-12.7125912367182	7.55486834966507	1.91238542713729	3.24533745991583
hsa04380	1	1	-11.6443149384173	6.57734341566593	2.13034714571955	2.9366243770318
hsa04390	1	1	-9.89166714118891	11.9764326125855	-3.04759338660512	0.962827915208538
hsa04390	2	2	-7.156531645343	-4.39812662770911	7.29133102936286	4.26332724368923
hsa04392	1	1	-5.17405755987479	4.22889138944842	0.873226468810524	0.0719397016158504
hsa04510	1	1	-14.8155003872265	7.30819745234279	3.14361459764744	4.36368833723631
hsa04510	2	3	2.20143050091395	10.2943347063677	-9.76161380866552	-2.73415139861611
hsa04512	1	2	-4.48118188785425	-6.13728556539878	7.48835815167877	3.13010930157425
hsa04512	2	1	-7.33406489856192	5.37836102529906	-1.37172254089933	3.32742641416221
hsa04514	1	1	-7.83512219726792	10.4075909156844	-5.06958275502881	2.49711403661227
hsa04514	2	2	-8.36166457140131	-3.46495670979344	7.79537430197269	4.03124697922208
hsa04520	1	1	-7.79087459700535	8.51183776584038	-1.40006997800281	0.67910680916778
hsa04530	1	1	-11.2823672618032	11.177555295006	-2.43202580810138	2.53683777489866
hsa04540	1	1	-9.89803339045038	5.80881301032446	1.0454593365114	3.04376104361452
hsa04540	2	2	-2.27965822999562	-6.27228327194572	6.08500655954484	2.4669349423965
hsa04550	1	1	-11.4400331041727	9.90569144052662	-1.67763414306461	3.21197580671065
hsa04550	2	3	4.98865833813831	6.30221768725665	-6.32128404521796	-4.96959198017699
hsa04610	1	2	0.145670795957727	-6.7636741083454	8.08269434581896	-1.46469103343129
hsa04610	2	3	6.89266071103068	0.815429353069574	-0.710009191207662	-6.9980808728926
hsa04611	1	1	-12.0933059781048	4.80331526594705	4.49330534696379	2.79668536519394
hsa04611	2	3	0.422233206204745	8.16896323455359	-5.95598142656843	-2.63521501418989
hsa04612	1	1	-9.55319709046087	3.58749124000338	1.76951210506598	4.19619374539151
hsa04612	2	3	0.429012461218345	6.36313305480081	-4.02686321639057	-2.76528229962858
hsa04614	1	3	-3.6719949369174	3.968443035689	-1.94253292908088	1.64608483030928
hsa04614	2	2	-2.95351534308063	-1.20681300843429	3.59591880800569	0.564409543509238
hsa04620	1	1	-10.1416690282814	5.32669780498079	1.32444160000633	3.49052962329432
hsa04620	2	3	2.02713127529233	7.58145558177562	-6.3309655840603	-3.27762127300766
hsa04621	1	1	-13.4902620019686	9.10719081252931	1.16833486652148	3.2147363229178
hsa04621	2	3	3.74011289238174	8.18442004574914	-6.96454594191896	-4.95998699621196
hsa04622	1	1	-8.29230180668756	6.35038597917192	-0.0946803162877336	2.03659614380338
hsa04622	2	3	2.9414115357048	4.88767357170378	-4.36224168218847	-3.46684342522011
hsa04623	1	1	-7.67380307330767	5.65387467830144	0.936174139008995	1.08375425599723
hsa04623	2	3	2.63293935646848	4.89429791137407	-4.67940082537976	-2.8478364424628
hsa04625	1	1	-11.1383700896253	6.45169674976832	1.31610283254003	3.37057050731693
hsa04630	1	1	-7.90299515215055	11.714664212409	-4.69061735298856	0.878948292730115
hsa04630	2	2	-8.82250485686366	-4.16501954813092	5.80795202523046	7.17957237976413
hsa04640	1	1	-8.5365425859535	5.30866866078521	-1.62234795811235	4.85022188328064
hsa04640	2	2	-3.747631715912	-6.20249186942206	7.31164774548433	2.63847583984974
hsa04650	1	1	-11.8129466179221	6.96255473665434	1.03167490709893	3.8187169741688
hsa04657	1	1	-8.45645552349534	7.28592620198752	-1.36776150773924	2.53829082924706
hsa04657	2	3	4.56818814490199	5.63995797640933	-6.00340290712131	-4.20474321419001
hsa04658	1	1	-10.4461367049732	3.25597274216533	4.36051736583499	2.82964659697285
hsa04659	1	1	-10.5040417078707	4.63542212557379	3.53009732148085	2.33852226081603
hsa04659	2	3	0.942363326789996	8.08006246965408	-5.41865409983933	-3.60377169660476
hsa04660	1	1	-10.4512029691319	7.01536281269289	1.29988849055559	2.13595166588343
hsa04662	1	1	-9.68068724460358	5.36111393149941	1.21335302436308	3.10622028874109
hsa04664	1	1	-9.13207544209744	4.82451603568724	1.72613686435575	2.58142254205446
hsa04666	1	1	-10.5295444379928	7.07355318335389	2.39556324244125	1.06042801219761
hsa04668	1	1	-10.520599331093	8.13512273524007	-0.270711877492002	2.65618847334489
hsa04668	2	3	3.86871829680837	6.29936171783062	-5.62488959475152	-4.54319041988748
hsa04670	1	1	-10.6512335669345	6.4629499382741	1.4506138011258	2.73766982753457
hsa04670	2	3	2.69256982376014	6.92542151431717	-7.96501629848843	-1.65297503958887
hsa04672	1	2	-6.68545175063587	-1.55423381801649	4.80311508775371	3.43657048089864
hsa04710	1	1	-5.59914432522677	5.44283869471017	0.12423896509895	0.0320666654176529
hsa04713	1	1	-10.3793466676442	4.38757925154523	2.0319930811582	3.95977433494079
hsa04713	2	3	1.03197663542045	7.92813524855018	-5.9166166212684	-3.04349526270224
hsa04714	1	1	-16.4550246654477	13.3564982111292	1.22696619002918	1.87156026428938
hsa04720	1	1	-8.57377905226713	6.5620358887518	0.150127251284303	1.86161591223104
hsa04721	1	1	-8.24992994964767	7.8226661432285	-1.47799947198748	1.90526327840665
hsa04722	1	1	-11.9623451584505	8.54023312269291	1.13909251310173	2.28301952265588
hsa04723	1	1	-11.5245845519626	11.0660288115214	-1.76783684539633	2.22639258583751
hsa04723	2	3	5.81528222539641	5.84095207655478	-7.09371403187808	-4.56252027007309
hsa04724	1	1	-9.46276405858598	8.7699499043283	-1.43078461265417	2.12359876691185
hsa04724	2	2	-5.54306950421984	-5.69702488134821	7.41607863528314	3.82401575028493
hsa04725	1	1	-10.5408067892305	7.77740778481801	0.03017896848384	2.73322003592871
hsa04725	2	2	-3.80105760560022	-6.46375098341124	6.60403103501238	3.66077755399908
hsa04726	1	1	-8.88331805024756	8.98389014171446	-2.22546818711569	2.12489609564879
hsa04726	2	2	-5.85370707951883	-5.27541719749377	6.49481378893078	4.63431048808182
hsa04727	1	1	-7.20094251501758	8.92254578399461	-3.11342347020195	1.39182020122493
hsa04727	2	2	-6.04557047210184	-3.50061290503086	5.67915949898004	3.86702387815265
hsa04728	1	1	-10.3970447850948	10.5224971005223	-1.13458974846855	1.00913743304106
hsa04728	2	3	5.73718545323289	5.42414392600396	-6.45490282621178	-4.70642655302508
hsa04730	1	1	-7.01290476523493	6.96952398831618	-0.436654303395468	0.480035080314212
hsa04730	2	3	4.02870887582652	3.95767456528565	-4.91288341386696	-3.0735000272452
hsa04740	1	2	-10.5066872081265	-13.7073664554186	11.0063884451883	13.2076652183568
hsa04740	2	1	-12.4151015500904	11.8263613551524	-10.8531544879873	11.4418946829254
hsa04742	1	1	-5.05146561092077	7.87832546148875	-5.4289488532022	2.60208900263422
hsa04742	2	2	-6.39154145236984	-2.69633363855485	4.31968051256571	4.76819457835898
hsa04744	1	1	-5.05535251758972	2.82961493743635	-0.85405743394843	3.0797950141018
hsa04744	2	3	1.02159473578867	3.66670538477052	-2.34583290791337	-2.34246721264582
hsa04750	1	1	-8.4223399162843	8.57349216488241	-1.67912770156595	1.52797545296785
hsa04750	2	2	-5.18574509968558	-4.58415239709476	6.01853944593096	3.75135805084941
hsa04810	1	1	-15.584620713344	8.139879295296	3.16799793157045	4.27674348647755
hsa04810	2	3	2.47088608394127	9.98512751723394	-9.47130267671143	-2.98471092446377
hsa04910	1	1	-12.5612695345046	8.60727088484399	1.24515360420414	2.70884504545651
hsa04911	1	1	-8.49712831462669	7.28698253490169	-1.63445242913089	2.84459820885589
hsa04911	2	2	-4.42708472580344	-5.29811739346559	5.95539384257928	3.76980827668974
hsa04912	1	1	-10.7402781554487	6.22226125481004	1.46046338696502	3.05755351367362
hsa04913	1	1	-5.58229827840224	5.20908809042421	-2.42593358480176	2.79914377277979
hsa04913	2	2	-4.14471598570614	-3.36732246065211	5.09535752316627	2.41668092319199
hsa04914	1	1	-9.00690539131202	8.36771330798932	-0.935172864136223	1.57436494745892
hsa04915	1	1	-11.6592412261556	6.99300538846623	0.341394724319025	4.32484111337035
hsa04915	2	3	3.00553582876362	8.65034037689682	-6.2659819067483	-5.38989429891213
hsa04916	1	1	-10.5439146100921	6.14536655885257	0.775764177874349	3.62278387336517
hsa04916	2	3	2.51292220645115	7.02992034666747	-6.27542404873969	-3.26741850437893
hsa04917	1	1	-8.62894059858116	6.11607005621027	0.570661100547978	1.94220944182291
hsa04918	1	1	-8.30233241733718	4.01597775808358	-0.144765067990758	4.43111972724435
hsa04918	2	3	1.34005253700532	7.01744944485465	-4.36565462771425	-3.99184735414573
hsa04919	1	1	-11.4358629449505	8.28069191788163	1.11893333715049	2.03623768991832
hsa04920	1	1	-7.97265839784273	6.62868532281422	-0.336296868412481	1.68026994344099
hsa04921	1	1	-13.2714606483769	6.52130954856008	2.64775908656435	4.1023920132525
hsa04921	2	3	1.81052094774456	8.54034354219122	-7.42272310563826	-2.92814138429751
hsa04922	1	1	-10.5883050020713	8.48609778108576	0.127167372031507	1.97503984895404
hsa04923	1	1	-6.77974245629482	6.01636966913087	-0.98888712223917	1.75225990940313
hsa04923	2	2	-3.41100424887284	-3.89837544060835	4.55269104989635	2.75668863958486
hsa04924	1	1	-8.55632912649715	4.60932281492396	0.788365983821692	3.1586403277515
hsa04924	2	3	1.72269771717003	5.86659676022545	-4.92381060702002	-2.66548387037546
hsa04925	1	1	-10.160365596225	5.48895804624509	1.13216594665517	3.53924160332471
hsa04925	2	3	2.11361413582372	7.25772450110816	-6.15069102343401	-3.22064761349787
hsa04926	1	1	-11.7442487426022	7.35602739220024	1.23083453536105	3.15738681504091
hsa04926	2	3	3.06420972418628	7.82845096230751	-6.64029979891836	-4.25236088757544
hsa04927	1	1	-8.93393609740115	4.45979970305104	1.28313805107031	3.19099834327981
hsa04927	2	2	-1.35272435970985	-5.51264568972564	4.93078128893736	1.93458876049813
hsa04928	1	1	-10.5142387868334	7.34769737880345	1.01600145969936	2.1505399483306
hsa04928	2	3	3.18730861923621	6.41658031893565	-6.18628668031619	-3.4176022578557
hsa04929	1	1	-7.89666657032405	6.03236995780916	-0.69097991559637	2.55527652811125
hsa04929	2	3	3.05961550938284	4.65726665889056	-4.86257822846289	-2.8543039398105
hsa04930	1	1	-6.16705539063579	5.36603548810643	-1.41193328877701	2.21295319130636
hsa04931	1	1	-9.92958481545929	8.40931165412353	-0.013608443443761	1.53388160477953
hsa04932	1	1	-13.0939928779268	10.7630373570703	0.979021589298387	1.35193393155813
hsa04933	1	1	-9.58191812145554	7.37483668762553	0.19490328463353	2.01217814919648
hsa04933	2	2	-3.8694223178684	-6.03269917362511	6.88456621281119	3.01755527868234
hsa04934	1	1	-13.0795720678228	8.72402518649645	0.443236904167856	3.91230997715851
hsa04934	2	2	-3.71586231699544	-7.53095080543401	7.75501209932786	3.4918010231016
hsa04935	1	1	-11.6360165698147	7.15632547603162	1.60914710584071	2.87054398794236
hsa04935	2	3	2.6660914834502	7.28034651608908	-5.92505288201493	-4.02138511752436
hsa04940	1	1	-6.85618115336619	3.83068669545466	-0.317038186434677	3.3425326443462
hsa04940	2	3	1.78371327883299	4.1209663185957	-4.42126018958359	-1.4834194078451
hsa04950	1	3	-3.17650455399377	4.10008138885985	-2.83310876015497	1.90953192528889
hsa04950	2	2	-2.73334059375741	-2.49904207695962	1.77698359373822	3.45539907697881
hsa04960	1	3	-0.955452402203331	6.54781683164629	-3.85401749489664	-1.73834693454632
hsa04960	2	2	-4.99175180674856	0.778826904323862	1.20315143866547	3.00977346375923
hsa04961	1	1	-6.91622771408942	5.49546065918112	0.467758168712533	0.953008886195764
hsa04961	2	3	2.94940902980442	4.66296846774126	-4.17987656649381	-3.43250093105188
hsa04962	1	1	-7.0658472025093	5.57416488381755	0.808719684351453	0.682962634340296
hsa04962	2	2	-2.24879025704511	-3.67301862469412	4.29422362106208	1.62758526067715
hsa04964	1	3	-2.92350586100655	5.15749727094382	-2.30391491698973	0.0699235070524609
hsa04964	2	3	3.12914032327945	1.2690272637772	-1.22611155761414	-3.1720560294425
hsa04966	1	1	-5.69921189887082	4.82935658152832	-0.646111447403914	1.51596676474643
hsa04970	1	3	-4.23506428885217	10.0441835813426	-5.06041825686127	-0.748701035629145
hsa04970	2	2	-7.73026497602596	-0.989714715972082	3.77312197951592	4.94685771248213
hsa04971	1	1	-5.15501217875624	8.12801314874638	-3.08928136128044	0.116280391290299
hsa04971	2	2	-6.37595585571128	-2.42893194405841	4.41407035629994	4.39081744346976
hsa04972	1	1	-7.39392707226402	9.61413140859669	-4.81999309309624	2.59978875676358
hsa04972	2	2	-6.08061610375812	-3.23130054438491	5.13525881865609	4.17665782948693
hsa04973	1	1	-5.66405462618788	5.68304006315891	-2.11971764535569	2.10073220838466
hsa04973	2	2	-3.26042585845987	-3.36434252328538	3.1428879842743	3.48188039747094
hsa04974	1	3	0.0599615291845162	9.32674840370655	-7.93948287127975	-1.44722706161133
hsa04974	2	1	-9.01192002336503	2.11724375459622	1.42145804113164	5.47321822763718
hsa04975	1	3	-3.10204626302746	5.71280635972314	-3.9097214681868	1.29896137149112
hsa04975	2	3	4.36043767264858	2.05807214644231	-1.94028094419347	-4.47822887489742
hsa04976	1	1	-7.59963375224706	5.75498722189696	-3.151354503762	4.99600103411209
hsa04976	2	3	3.61095405439706	6.56601311933331	-4.97078408384857	-5.20618308988181
hsa04977	1	3	3.5027930889996	1.49401257479546	-0.619921639861409	-4.37688402393365
hsa04977	2	3	-2.55584025033666	4.2492139506086	-1.2796241520518	-0.413749548220135
hsa04978	1	3	-3.27089080019222	7.01461390226538	-4.51109351243846	0.767370410365293
hsa04978	2	2	-5.63077178412179	-1.51118636988691	2.51925148328632	4.62270667072239
hsa04979	1	1	-4.93846874655088	6.58282067827202	-2.74840903984404	1.1040571081229
hsa04979	2	2	-4.47483715992415	-2.50378794918876	3.45795563652991	3.52066947258302
hsa05010	1	1	-20.3347190239555	16.972549957592	0.327230005344801	3.03493906101868
hsa05012	1	1	-16.8910146322298	14.7242761600782	1.05816205771909	1.10857641443247
hsa05014	1	1	-19.7453229795653	17.5646631907855	0.993535284387919	1.18712450439192
hsa05016	1	1	-18.2234025846961	15.6559279516378	0.573697011068278	1.99377762199004
hsa05017	1	1	-12.1029002839728	10.8926995707997	-0.0734864455072147	1.28368715868034
hsa05020	1	1	-17.7774033354426	14.0430255775074	1.43398925445953	2.30038850347565
hsa05022	1	1	-22.6218465585733	19.0601562693019	0.210103813124798	3.35158647614662
hsa05030	1	3	-2.03950155993376	7.36151124650967	-3.70066526407271	-1.6213444225032
hsa05030	2	2	-6.28985405341863	0.438149420799811	3.15775239831853	2.69395223430029
hsa05031	1	1	-7.52703364125637	6.25291071368935	-0.275146590725183	1.5492695182922
hsa05031	2	3	3.62421787417455	5.25089282304805	-4.49249724700864	-4.38261345021397
hsa05032	1	1	-8.1634344887445	7.55653039082012	-1.62058177641878	2.22748587434317
hsa05032	2	2	-5.22782246329443	-5.27253799534315	6.81492623739629	3.6854342212413
hsa05033	1	3	-1.06937204244571	7.07904074008249	-5.16451423797705	-0.84515445965972
hsa05033	2	2	-4.63748652779378	0.144708470784267	0.506210249026075	3.98656780798344
hsa05034	1	1	-13.3125617566442	9.77475879816945	-1.75606799801981	5.2938709564946
hsa05100	1	1	-9.23234723685593	6.57584908960464	2.17071117555006	0.485786971701245
hsa05110	1	1	-7.62739893237541	6.37893892814085	0.535560707339282	0.712899296895278
hsa05120	1	1	-9.068005416428	7.27189084735232	-0.435119757803537	2.23123432687923
hsa05130	1	1	-14.5152216072643	9.35014049327406	2.11226016159449	3.0528209523957
hsa05130	2	3	3.54586819186631	8.60981149164886	-8.58554729794102	-3.57013238557419
hsa05131	1	1	-17.3150666185093	11.2359495156619	2.59513069020427	3.48398641264306
hsa05132	1	1	-17.0453562647457	11.6222145339845	2.29574498353326	3.12739674722796
hsa05133	1	1	-8.48440870685243	4.77288734052597	0.110497312972475	3.60102405335399
hsa05133	2	2	-2.47755970042563	-4.90891317689605	6.93013056084709	0.456342316474599
hsa05134	1	1	-7.18622834792512	6.60804627708513	-0.628929999689428	1.20711207052943
hsa05135	1	1	-12.6185375911101	8.13889053767484	3.12501583855983	1.3546312148754
hsa05140	1	1	-9.75175103731216	2.96215287903256	3.58715220808781	3.20244595019178
hsa05142	1	1	-10.0269041931274	6.47641786323541	0.976700648907103	2.57378568098486
hsa05142	2	2	-2.8674408285789	-6.35357835340803	7.09796474899132	2.12305443299562
hsa05143	1	1	-5.82428168804443	3.30057355877939	-1.58703748629818	4.11074561556322
hsa05144	1	2	-6.05683870761667	-1.39472790344081	3.98702373351418	3.4645428775433
hsa05144	2	3	-2.97599152744165	5.33813235458046	-4.58604429990789	2.22390347276908
hsa05145	1	1	-11.2313808460896	4.73798648863989	3.27028450734779	3.22310985010193
hsa05145	2	3	0.794371145509246	7.76582309110127	-5.97849913718771	-2.58169509942282
hsa05146	1	1	-6.56512004104712	8.93485574836874	-4.33857099777521	1.96883529045358
hsa05146	2	2	-7.19697448110223	-3.1511522342977	6.25735302436607	4.09077369103387
hsa05150	1	2	-8.1870365675233	-1.93065922779556	3.43280235808643	6.68489343723243
hsa05150	2	3	-2.40154109520004	6.91498468415132	-7.33708345556976	2.8236398666185
hsa05152	1	1	-14.7784395804096	7.52826050964973	2.8125479983865	4.43763107237339
hsa05160	1	1	-10.4168484450805	11.6313207005135	-2.00203661092672	0.78756435549372
hsa05160	2	2	-6.52863268786568	-5.1825844907011	6.07642899739864	5.63478818116819
hsa05161	1	1	-13.5032180360418	7.80505199894542	2.22836597016345	3.46980006693292
hsa05161	2	3	2.67668545183782	8.72286511497198	-6.13452845178296	-5.26502211502687
hsa05162	1	1	-11.0503958080288	9.7473597401278	-0.876364787070094	2.1794008549711
hsa05163	1	1	-15.8731721438863	9.00256637556394	3.17422239327634	3.69638337504604
hsa05163	2	3	3.03698506365339	10.4722495077134	-7.40150189932699	-6.1077326720398
hsa05164	1	1	-12.9336318010841	9.22429105675208	0.509931784131889	3.19940896020012
hsa05164	2	3	4.11707669044996	7.86325856921474	-7.08158465132802	-4.89875060833672
hsa05165	1	1	-17.6041953930757	14.8474353614083	-0.799907754029506	3.55666778569694
hsa05165	2	2	-7.52783071628082	-9.7127404348337	11.3922278162486	5.84834333486594
hsa05166	1	1	-15.5016365712775	9.55216443139323	2.39883273270399	3.5506394071803
hsa05167	1	1	-13.47385426641	10.826343936366	-0.194302873999646	2.84181320404366
hsa05168	1	1	-21.8811069682802	17.1212267396216	2.1104654404247	2.64941478823388
hsa05169	1	1	-14.8778940155724	10.3258960798458	1.24638395943315	3.30561397629348
hsa05170	1	1	-14.4482957473501	11.5832178765962	0.405410883422698	2.45966698733121
hsa05171	1	1	-14.6975940300498	12.0565824324343	2.99103262033032	-0.350021022714883
hsa05200	1	1	-21.429908222023	17.3856947568205	-1.5184830461847	5.56269651138723
hsa05200	2	2	-9.75688401851711	-13.2884280864838	15.0052192472478	8.04009285775314
hsa05202	1	1	-12.6027071003378	8.88649381004295	-1.61232071933001	5.32853400962486
hsa05202	2	3	5.15426804572777	8.64944473770891	-8.88190990994814	-4.92180287348857
hsa05203	1	1	-14.7009746400772	11.5986978767555	-0.217783479292582	3.32006024261422
hsa05204	1	1	-6.89464390876951	6.64055756645437	-4.38593964044085	4.640025982756
hsa05204	2	2	-3.99347150057825	-4.89090069713817	4.01940087936858	4.86497131834784
hsa05205	1	1	-14.6627456613358	9.042631386443	1.82873812849189	3.7913761464009
hsa05205	2	3	3.68163017607884	9.63707313329022	-8.83225575595804	-4.48644755341103
hsa05206	1	1	-12.2781021038196	9.92491332526759	-0.503277151163361	2.85646592971538
hsa05206	2	3	4.92516619575316	7.13300085083512	-7.17942443778381	-4.87874260880451
hsa05210	1	1	-9.14346908566932	7.86129274031585	-0.218366896582121	1.50054324193559
hsa05211	1	1	-8.71293284766954	6.76656273378774	0.984744114346449	0.961625999535357
hsa05212	1	1	-8.3546477065444	7.58106989363054	0.440130031853505	0.333447781060356
hsa05213	1	1	-7.40245837592704	6.5271510414949	-0.00624647386270584	0.881553808294842
hsa05213	2	3	3.28324490474626	4.12384519233665	-4.41188391738557	-2.99520617969732
hsa05214	1	1	-9.24679275759941	4.61652079045414	2.2376088226758	2.39266314446948
hsa05214	2	3	1.1872675531574	5.8554232449632	-5.1434914288062	-1.89919936931442
hsa05215	1	1	-9.19947797517011	7.82100816942994	-0.515981298562762	1.89445110430293
hsa05215	2	3	4.23825925791873	5.33388544437792	-6.39195322154523	-3.18019148075143
hsa05216	1	1	-6.14766066122703	4.49762813173314	0.542888380740755	1.10714414875313
hsa05216	2	3	2.04939046193253	3.7010648542639	-4.11077175262958	-1.63968356356684
hsa05217	1	1	-6.41098987853224	6.81089086419214	-1.95988108005772	1.55998009439781
hsa05217	2	2	-4.98810070949123	-3.72767070773183	5.7349803618185	2.98079105540457
hsa05218	1	1	-6.84300643421672	6.73344115249758	-1.28101554631435	1.3905808280335
hsa05218	2	2	-4.69153086008473	-4.17286313052558	6.11361208128992	2.7507819093204
hsa05219	1	1	-6.08740789638358	4.82610376568638	-0.236631543682	1.4979356743792
hsa05219	2	3	2.44680906566257	3.86826596447973	-3.27784821725832	-3.03722681288399
hsa05220	1	1	-9.63414441689558	5.80115321488408	2.48665422403518	1.34633697797632
hsa05221	1	1	-9.05688979792297	5.13970836227105	1.45314040469769	2.46404103095423
hsa05222	1	1	-9.6863340372891	6.02119645727262	1.22392062304534	2.44121695697114
hsa05222	2	3	2.51368901886524	6.27881222415888	-6.57758713972854	-2.21491410329558
hsa05223	1	1	-8.48871731550185	6.10850580129762	1.14972556693491	1.23048594726932
hsa05223	2	3	2.76402483037483	5.42595411390954	-4.90596073745175	-3.28401820683263
hsa05224	1	1	-11.4321994981345	9.15512304314006	-1.01408898268488	3.29116543767933
hsa05224	2	2	-5.14590881281847	-7.06302207416094	7.97811883213352	4.23081205484589
hsa05225	1	1	-12.4267110207883	10.9026841641113	-1.14017203849448	2.66419889517149
hsa05225	2	2	-5.58268625629405	-6.50328574677748	8.06193509861379	4.02403690445773
hsa05226	1	1	-10.1473820853205	10.7729158381561	-2.90876425305979	2.28323050022419
hsa05226	2	2	-6.89320723024524	-5.40730668106265	7.661882993617	4.63863091769088
hsa05230	1	1	-7.53316547264584	7.01804232113666	0.636466459753826	-0.121343308244655
hsa05231	1	1	-9.76062333004686	7.76931789407831	-0.0696930623061323	2.06099849827469
hsa05231	2	3	3.90938298947517	5.86917254423486	-5.96620179441145	-3.81235373929856
hsa05235	1	1	-9.69613409037453	5.92066119342227	3.00554125167426	0.76993164527801
hsa05310	1	2	-6.28627762278137	0.100934681249965	1.81002941183722	4.37531352969418
hsa05320	1	1	-7.35366326873861	2.54613959184882	-0.176086945228696	4.98361062211848
hsa05320	2	3	0.969238170978946	5.12805842226303	-4.74005507249365	-1.35724152074833
hsa05321	1	2	-6.91541443366679	-1.84826410766061	4.99005711869252	3.77362142263488
hsa05321	2	3	-3.77220776699794	6.61175267322715	-2.59014710400534	-0.249397802223861
hsa05322	1	1	-10.7297398061347	7.15436506069192	-3.21223093065344	6.78760567609619
hsa05323	1	1	-10.2993044333739	3.73310029206734	1.63792917654921	4.92827496475735
hsa05323	2	3	0.795083638776053	6.90917778543538	-6.18928065520208	-1.51498076900936
hsa05330	1	1	-6.97806366825962	2.16373651607833	1.19473847463009	3.6195886775512
hsa05330	2	3	0.248230851993481	4.27351589865671	-3.65064679806425	-0.871099952585935
hsa05332	1	1	-7.32270768120489	2.17715614466168	1.62086230111122	3.524689235432
hsa05340	1	1	-5.90415494214582	4.17109058157429	-0.774118816751619	2.50718317732315
hsa05340	2	2	-2.10942944743288	-3.66086763421068	3.55096226437443	2.21933481726914
hsa05410	1	1	-9.4759444363124	5.18448318101489	0.341027453306571	3.95043380199094
hsa05410	2	2	-2.6366212785211	-6.31415158402214	7.64898630084167	1.30178656170158
hsa05412	1	1	-7.75451577908495	6.69623464504999	-1.71564983182838	2.77393096586334
hsa05412	2	2	-4.42041271581928	-4.44280088382442	6.48480714093534	2.37840645870837
hsa05414	1	1	-9.79205304147246	5.62130521904704	0.360339690524508	3.81040813190092
hsa05414	2	2	-2.83980292636449	-6.39699762044055	7.83868643422601	1.39811411257903
hsa05416	1	1	-8.37628646904387	3.33094681721049	1.8498084647541	3.19553118707927
hsa05416	2	3	0.662141683417588	5.72449134170865	-5.1176940885036	-1.26893893662264
hsa05418	1	1	-10.910041278205	10.0094574188096	-1.21610995874488	2.11669381814029
